


@a	0,1,2,3,4,5,6,7,8,9,0,1,2,3,4,5,6,7,8,9,0,1,2,3,4,5,6,7,8,9,0,1,2,3
.byte	1,1,1,1,1,1,1,1,1,1,1,1,1,1,1,1,1,1,1,1,1,1,1,1,1,1,1,1,1,1,1,1,1,1	@0
.byte	1,0,0,0,0,0,0,0,0,1,1,1,1,1,1,1,1,1,1,1,1,1,1,1,1,1,0,0,0,0,1,1,1,1	@1
.byte	1,0,1,1,0,1,1,0,1,1,1,1,1,1,1,1,1,1,1,1,0,0,0,0,0,0,0,1,1,0,1,1,1,1	@2
.byte	1,0,0,1,1,1,1,0,1,1,1,1,1,1,1,1,1,1,1,1,0,0,0,0,1,1,1,1,0,0,0,1,1,1	@3
.byte	1,1,0,1,1,1,1,0,1,1,1,1,1,1,1,1,1,1,1,1,0,0,0,0,1,0,0,0,1,1,0,0,1,1	@4
.byte	1,1,0,1,1,1,1,1,1,1,1,1,1,1,1,1,1,1,1,1,0,0,0,0,1,0,1,0,0,0,0,1,1,1	@5
.byte	1,0,0,1,0,0,0,0,0,0,1,1,1,1,1,0,0,0,1,1,1,0,1,0,1,0,1,1,1,1,1,1,1,1	@6
.byte	1,1,0,1,1,0,1,1,1,1,1,1,0,0,0,0,0,0,0,0,0,0,1,1,1,0,0,1,1,1,1,1,1,1	@7
.byte	1,0,0,0,0,1,0,0,0,1,1,0,1,1,1,0,0,0,1,1,1,1,1,1,1,1,0,1,1,1,1,1,1,1	@8
.byte	1,0,1,1,0,1,0,1,0,1,1,0,1,1,1,1,1,1,1,1,1,1,1,0,0,0,0,1,1,1,1,1,1,1	@9
.byte	1,1,0,0,0,1,0,1,0,1,0,0,0,0,1,1,1,1,1,1,0,0,0,0,1,1,1,1,1,1,1,1,1,1	@10
.byte	1,1,0,0,1,1,0,1,1,1,0,0,1,0,1,1,1,1,1,1,0,1,1,1,1,1,1,1,1,1,1,1,1,1	@11
.byte	1,0,0,0,0,0,0,1,0,0,1,1,1,0,1,1,1,1,0,1,0,1,1,1,1,1,1,1,1,1,1,1,1,1	@12
.byte	1,0,0,1,1,1,1,1,0,0,0,0,0,0,1,1,1,1,0,1,0,1,1,1,1,1,1,1,1,1,1,1,1,1	@13
.byte	1,1,0,0,0,0,0,0,0,0,1,1,1,1,1,1,1,1,0,0,0,0,0,0,1,1,1,1,1,1,1,1,1,1	@14
.byte	1,1,0,1,1,1,1,1,1,1,1,1,1,1,0,0,1,0,0,0,0,0,0,1,1,1,1,1,1,1,1,1,1,1	@15
.byte	1,1,0,0,0,0,0,0,0,0,0,0,1,1,0,1,1,0,0,0,0,0,1,1,1,1,1,1,1,1,1,1,1,1	@16
.byte	1,1,1,0,0,0,1,1,0,1,0,0,1,0,0,1,1,0,0,0,0,0,1,1,1,1,1,1,1,1,1,1,1,1	@17
.byte	1,1,1,0,1,1,1,1,1,1,0,1,1,0,1,1,1,0,0,0,0,0,1,1,1,1,1,1,1,1,1,1,1,1	@18
.byte	1,0,0,0,0,0,0,0,1,1,0,1,1,0,1,0,1,1,1,0,1,1,1,0,1,1,1,1,1,1,1,1,1,1	@19
.byte	1,1,0,0,0,0,0,0,0,1,1,0,0,1,0,1,0,0,0,0,0,0,0,0,1,1,1,1,1,1,1,1,1,1	@20
.byte	1,0,1,0,0,0,0,0,0,1,0,0,1,0,1,1,1,1,1,0,1,1,1,1,0,0,0,1,1,1,1,1,1,1	@21
.byte	1,0,0,0,1,1,1,1,0,1,1,1,1,0,0,0,0,1,1,0,0,0,0,0,0,0,0,1,1,1,1,1,1,1	@22
.byte	1,1,0,1,1,1,1,1,0,1,1,1,1,1,0,0,0,0,0,0,1,0,1,1,0,0,0,1,1,1,1,1,1,1	@23
.byte	1,1,0,0,0,1,0,0,0,0,1,1,1,1,1,1,1,1,1,1,1,1,1,1,1,1,0,1,1,1,1,1,1,1	@24
.byte	1,1,1,1,0,1,0,0,0,0,1,1,1,1,1,1,1,1,1,1,1,1,1,1,1,0,0,1,1,1,1,1,1,1	@25
.byte	1,1,1,1,0,1,1,1,0,0,0,0,0,1,0,0,0,1,1,1,1,1,1,1,1,0,0,1,1,1,1,1,1,1	@26
.byte	1,1,1,1,0,1,1,0,1,0,0,1,0,0,0,1,0,0,0,0,0,0,0,1,1,0,1,1,1,1,1,1,1,1	@27
.byte	1,1,1,1,0,1,1,0,1,1,1,1,1,0,1,1,1,0,1,1,1,1,0,1,1,0,0,0,0,0,0,1,1,1	@28
.byte	1,1,1,0,0,0,0,0,1,1,1,1,1,0,0,0,1,0,1,1,1,0,0,0,1,0,1,1,1,1,0,1,1,1	@29
.byte	1,1,1,0,0,1,1,1,1,1,1,1,1,0,0,0,1,1,1,1,1,0,0,0,0,0,0,0,0,0,0,1,1,1	@30
.byte	1,1,1,1,1,1,1,1,1,1,1,1,1,0,1,0,0,1,1,1,1,0,0,0,1,1,1,1,1,1,1,1,1,1	@31
.byte	1,1,1,1,1,1,1,1,1,1,1,1,1,1,1,0,0,1,1,1,1,1,1,1,1,1,1,1,1,1,1,1,1,1	@32
.byte	1,1,1,1,1,1,1,1,1,1,1,1,1,1,1,1,1,1,1,1,1,1,1,1,1,1,1,1,1,1,1,1,1,1	@33
@a	0,1,2,3,4,5,6,7,8,9,0,1,2,3,4,5,6,7,8,9,0,1,2,3,4,5,6,7,8,9,0,1,2,3


@a	0,1,2,3,4,5,6,7,8,9,0,1,2,3,4,5,6,7,8,9,0,1,2,3,4,5,6,7,8,9,0,1,2
.byte	1,1,1,1,1,1,1,1,1,1,1,1,1,1,1,1,1,1,1,1,1,1,1,1,1,1,1,1,1,1,1,1,1	@0
.byte	1,0,0,1,0,0,1,1,1,1,1,1,1,1,0,0,0,0,0,1,1,1,1,1,0,0,0,1,1,1,1,1,1	@1
.byte	1,1,0,0,0,0,1,1,1,0,1,1,0,0,0,0,0,0,0,1,1,1,1,1,1,1,0,1,1,1,1,1,1	@2
.byte	1,1,0,1,0,0,1,1,0,0,0,1,1,1,0,0,0,0,0,1,1,0,0,1,0,0,0,0,0,0,0,1,1	@3
.byte	1,1,0,1,1,1,1,1,0,0,0,0,0,0,0,0,0,0,0,1,1,0,0,1,1,1,1,1,1,1,0,1,1	@4
.byte	1,1,0,0,1,1,1,1,1,0,1,1,1,1,0,0,0,0,0,1,1,1,0,1,0,0,0,0,0,0,0,1,1	@5
.byte	1,1,1,0,0,0,0,0,0,0,0,0,0,1,1,1,0,1,1,1,1,1,0,1,0,1,1,0,1,1,1,1,1	@6
.byte	1,0,0,1,1,1,1,0,1,1,1,1,0,0,1,1,1,1,0,1,1,1,0,1,1,0,0,0,0,0,1,1,1	@7
.byte	1,0,0,1,1,1,0,0,1,1,1,1,1,0,1,1,0,1,0,1,1,1,0,1,1,1,1,1,1,0,1,1,1	@8
.byte	1,0,1,0,0,0,0,1,1,0,0,0,0,0,0,0,0,0,0,0,0,0,0,0,0,0,0,1,0,0,1,1,1	@9
.byte	1,0,1,0,1,1,1,1,1,0,1,0,1,1,1,1,1,1,1,0,1,1,1,1,1,1,0,1,1,0,1,1,1	@10
.byte	1,0,1,0,1,1,1,0,0,0,1,0,0,0,0,0,0,0,0,0,1,1,1,1,0,0,0,0,0,0,1,1,1	@11
.byte	1,0,1,0,1,0,0,1,1,0,1,0,1,1,1,1,1,1,1,1,1,1,1,1,1,1,0,1,1,0,1,1,1	@12
.byte	1,0,1,0,1,0,0,0,0,0,1,0,0,0,0,1,1,1,1,1,1,0,0,0,0,0,0,1,0,0,1,1,1	@13
.byte	1,0,1,0,1,0,0,1,1,1,1,1,0,0,0,1,0,0,0,0,0,0,1,1,1,1,1,1,0,0,1,1,1	@14
.byte	1,0,0,0,1,1,1,0,0,1,1,1,1,1,1,1,0,1,0,1,1,0,0,0,0,0,0,1,1,1,0,1,1	@15
.byte	1,0,0,0,1,0,0,0,0,1,1,1,1,1,1,1,0,1,1,1,1,1,1,1,1,0,0,0,1,1,0,1,1	@16
.byte	1,1,1,0,1,0,1,0,0,1,1,0,0,0,0,0,0,1,0,0,0,0,0,1,0,1,0,0,0,0,0,1,1	@17
.byte	1,0,1,0,1,0,1,1,1,1,1,0,1,1,1,1,0,0,0,0,0,1,1,0,0,0,1,0,0,1,0,1,1	@18
.byte	1,0,1,0,1,0,0,0,1,0,0,0,0,0,1,1,0,1,0,0,0,1,1,0,1,0,0,0,0,0,0,0,1	@19
.byte	1,0,0,0,1,0,1,1,1,0,0,0,0,0,1,1,0,1,1,1,1,1,1,0,0,0,1,0,1,0,0,0,1	@20
.byte	1,0,1,0,1,0,1,0,0,0,0,0,0,0,0,0,0,0,1,1,1,0,1,1,0,0,0,0,0,0,1,0,1	@21
.byte	1,0,1,0,1,0,1,1,1,0,0,0,0,0,1,1,0,1,0,0,0,0,0,1,0,0,1,0,0,0,0,0,1	@22
.byte	1,0,1,0,1,0,0,0,1,0,0,0,0,0,1,1,0,0,0,0,0,1,1,1,0,1,0,1,0,0,1,0,1	@23
.byte	1,0,1,1,1,0,1,1,1,1,1,1,1,1,1,1,0,1,0,0,0,0,1,0,0,0,0,0,0,1,0,0,1	@24
.byte	1,0,0,0,1,0,1,0,0,1,1,1,1,1,1,1,0,1,1,0,0,1,1,1,0,0,1,0,0,0,0,0,1	@25
.byte	1,0,1,0,1,0,1,0,0,0,0,0,0,1,1,1,0,1,1,1,1,1,1,0,0,1,0,1,0,1,0,1,1	@26
.byte	1,0,1,1,1,0,1,0,0,1,0,0,0,1,0,0,0,1,0,0,1,1,1,0,0,1,0,1,0,0,0,1,1	@27
.byte	1,0,0,0,0,0,1,1,0,1,0,0,0,1,0,0,0,1,0,0,0,1,1,1,1,1,0,1,1,1,0,1,1	@28
.byte	1,0,0,1,1,0,1,1,0,1,0,0,0,1,0,1,0,1,0,0,1,1,1,1,1,1,0,0,1,1,0,1,1	@29
.byte	1,1,0,0,1,0,0,0,0,1,1,1,1,1,0,1,1,1,0,0,0,1,1,1,1,1,1,0,1,1,1,1,1	@30
.byte	1,1,1,0,0,0,1,1,1,1,1,1,0,0,1,1,1,1,1,0,1,0,0,0,0,1,1,0,1,1,1,1,1	@31
.byte	1,1,1,1,1,0,0,0,0,0,0,0,0,0,0,0,0,0,0,0,0,0,1,1,0,0,0,0,1,1,1,1,1	@32
.byte	1,1,1,1,1,1,1,1,1,1,1,1,1,1,1,1,1,1,1,1,1,1,1,1,1,1,1,1,1,1,1,1,1	@33
@a	0,1,2,3,4,5,6,7,8,9,0,1,2,3,4,5,6,7,8,9,0,1,2,3,4,5,6,7,8,9,0,1,2

@a	0,1,2,3,4,5,6,7,8,9,0,1,2,3,4,5,6,7,8,9,0,1,2,3,4,5,6,7,8,9,0,1,2
.byte	1,1,1,1,1,1,1,1,1,1,1,1,1,1,1,1,1,1,1,1,1,1,1,1,1,1,1,1,1,1,1,1,1	@0
.byte	1,0,0,0,0,0,0,0,0,0,0,0,0,0,0,0,1,1,1,1,1,1,1,1,1,0,1,1,0,0,0,1,1	@1
.byte	1,0,1,1,1,1,0,0,1,1,1,0,1,1,1,0,0,0,1,0,0,0,0,0,0,0,0,1,0,0,0,1,1	@2
.byte	1,0,1,0,0,1,1,1,1,1,1,0,1,0,1,0,1,1,1,0,1,1,1,0,1,1,1,1,0,0,0,1,1	@3
.byte	1,0,1,0,1,0,0,0,0,1,1,0,0,0,1,0,0,0,0,0,1,1,1,0,1,1,1,1,1,0,1,1,1	@4
.byte	1,0,1,0,1,0,1,1,0,1,0,0,1,1,1,1,1,1,1,1,0,0,1,0,0,0,1,0,0,0,0,0,1	@5
.byte	1,0,0,0,0,0,0,0,1,1,1,0,1,1,1,1,0,0,0,0,0,0,1,1,1,0,1,1,1,1,1,0,1	@6
.byte	1,1,1,1,1,1,1,0,1,1,1,0,1,0,0,0,0,0,0,0,0,0,0,0,1,0,1,0,0,0,1,0,1	@7
.byte	1,1,1,0,0,0,1,0,0,0,0,0,1,0,0,0,0,0,0,1,0,0,1,0,1,0,1,0,1,0,1,0,1	@8
.byte	1,1,1,0,0,1,1,1,1,0,1,0,1,1,0,0,1,1,1,1,1,1,1,0,0,0,1,0,1,1,1,0,1	@9
.byte	1,1,1,0,1,1,0,0,0,0,1,1,1,1,1,0,0,0,0,0,1,1,1,1,1,0,1,0,0,0,0,0,1	@10
.byte	1,0,0,0,1,1,0,1,1,0,1,0,0,0,1,1,1,1,1,0,1,1,1,1,1,0,1,1,1,1,0,1,1	@11
.byte	1,0,1,0,0,1,0,0,0,0,1,0,1,0,0,0,0,0,0,0,1,1,0,0,0,0,0,0,0,1,0,0,1	@12
.byte	1,0,0,1,0,0,0,1,1,1,1,0,1,0,0,0,0,0,0,0,1,1,0,0,1,0,1,0,0,1,1,0,1	@13
.byte	1,0,0,1,0,1,1,1,1,1,1,1,1,0,1,1,1,1,1,1,1,1,1,0,0,0,0,0,1,1,0,0,1	@14
.byte	1,1,1,1,0,1,1,0,0,0,0,0,0,0,1,1,0,0,0,1,1,0,0,1,0,0,0,1,1,1,0,1,1	@15
.byte	1,1,0,0,0,1,1,0,1,1,1,1,1,1,1,1,1,1,0,1,0,0,0,1,1,1,1,0,0,0,0,0,1	@16
.byte	1,1,0,1,1,1,1,0,1,0,1,1,1,1,1,1,0,0,0,1,1,1,0,0,0,1,1,1,1,1,1,0,1	@17
.byte	1,1,0,1,1,1,1,0,1,0,0,0,1,0,0,0,1,1,1,1,1,1,1,1,0,0,1,0,0,0,1,0,1	@18
.byte	1,1,0,1,1,1,1,0,1,0,1,0,1,0,1,0,1,0,0,0,0,0,0,0,1,0,1,0,1,0,1,0,1	@19
.byte	1,1,0,1,1,1,1,0,1,1,1,0,1,0,1,1,0,0,0,0,0,0,0,0,1,0,0,0,1,0,0,0,1	@20
.byte	1,0,0,0,1,1,1,0,0,0,0,0,1,0,1,1,0,0,0,0,1,0,0,0,1,0,1,1,1,0,1,0,1	@21
.byte	1,0,0,0,0,0,1,1,1,1,1,1,1,0,1,1,0,0,0,1,0,1,0,0,1,0,1,0,0,0,1,0,1	@22
.byte	1,0,0,0,1,0,1,1,1,0,0,0,1,0,1,1,0,0,0,1,0,1,0,0,1,0,1,0,1,1,1,0,1	@23
.byte	1,1,1,1,1,0,1,0,0,0,0,0,1,0,1,1,0,0,0,0,0,0,0,0,1,0,0,0,0,1,0,0,1	@24
.byte	1,1,1,0,0,0,1,0,1,0,0,0,1,0,1,1,0,0,0,0,0,0,0,0,1,0,1,0,0,1,0,1,1	@25
.byte	1,0,0,0,1,1,1,0,1,1,1,1,1,0,1,1,1,0,0,0,0,0,0,0,1,0,1,0,0,1,0,1,1	@26
.byte	1,0,1,0,1,0,0,0,1,0,0,0,0,0,0,1,1,0,1,1,0,1,0,0,0,0,1,1,1,1,0,1,1	@27
.byte	1,0,1,0,0,0,1,0,1,0,0,0,0,0,0,0,0,0,1,1,0,1,1,1,1,1,1,1,0,0,0,1,1	@28
.byte	1,1,1,1,0,1,1,0,0,0,0,0,0,0,0,1,1,0,1,0,0,1,0,1,0,0,0,1,0,1,1,0,1	@29
.byte	1,1,1,0,0,0,1,1,1,0,0,0,0,0,0,1,0,0,1,0,0,1,0,1,1,1,0,0,0,0,0,0,1	@30
.byte	1,1,1,0,0,1,1,1,1,1,1,1,1,1,1,1,0,0,1,1,1,1,0,0,0,0,0,1,1,1,0,1,1	@31
.byte	1,1,1,1,1,1,1,1,1,1,1,1,1,1,1,1,1,1,1,1,1,1,1,1,1,1,1,1,1,1,1,1,1	@32
@a	0,1,2,3,4,5,6,7,8,9,0,1,2,3,4,5,6,7,8,9,0,1,2,3,4,5,6,7,8,9,0,1,2

@a	0,1,2,3,4,5,6,7,8,9,0,1,2,3,4,5,6,7,8,9,0,1,2,3,4,5,6,7,8,9,0,1,2
.byte	1,1,1,1,1,1,1,1,1,1,1,1,1,1,1,1,1,1,1,1,1,1,1,1,1,1,1,1,1,1,1,1,1	@0
.byte	1,0,0,1,1,1,1,1,1,1,1,1,1,1,1,1,1,1,1,1,1,1,0,0,0,1,1,1,1,0,0,0,1	@1
.byte	1,0,1,0,0,1,0,0,1,1,1,1,1,1,1,1,1,1,1,1,1,1,0,0,0,1,1,1,0,0,0,0,1	@2
.byte	1,0,1,1,1,1,1,1,0,0,0,0,1,1,1,1,0,0,1,1,1,1,0,1,0,1,1,1,0,1,1,0,1	@3
.byte	1,0,0,0,0,0,0,0,0,1,0,0,1,1,1,0,0,0,0,1,1,1,1,1,0,1,0,0,0,1,0,0,1	@4
.byte	1,0,1,1,1,1,1,1,0,1,1,0,1,1,1,0,0,0,1,0,1,0,0,0,0,0,0,0,0,1,0,0,1	@5
.byte	1,0,0,1,1,1,1,0,0,1,1,0,1,1,1,0,1,0,0,0,1,0,0,1,0,0,0,1,1,1,0,0,1	@6
.byte	1,0,0,0,0,0,0,0,1,1,0,0,1,1,1,0,0,0,0,0,1,0,0,1,1,1,1,1,1,0,0,0,1	@7
.byte	1,1,1,1,1,1,1,0,1,1,0,1,1,0,0,0,0,1,0,0,1,0,1,1,1,1,1,0,0,0,0,0,1	@8
.byte	1,0,1,1,1,1,1,0,1,0,0,0,1,0,1,0,0,1,0,0,1,0,1,1,1,0,0,0,1,1,1,1,1	@9
.byte	1,0,0,0,0,0,0,1,1,0,0,0,1,0,1,0,1,0,0,0,1,0,1,1,0,0,1,0,0,0,0,0,1	@10
.byte	1,0,0,0,1,1,0,0,0,0,1,1,1,0,0,1,1,0,1,1,0,0,1,1,0,0,1,1,1,1,0,0,1	@11
.byte	1,0,1,1,1,1,1,1,1,1,1,1,1,0,0,1,1,0,1,0,0,0,1,1,1,1,1,1,1,1,1,0,1	@12
.byte	1,0,0,0,0,0,0,0,0,1,0,0,1,0,0,1,1,0,1,0,0,1,1,1,1,1,1,1,1,0,0,0,1	@13
.byte	1,1,0,1,1,0,1,0,1,0,0,0,1,0,1,0,0,0,1,0,1,0,0,1,1,1,1,1,1,0,1,1,1	@14
.byte	1,0,0,0,1,0,1,1,0,0,0,0,1,0,1,0,1,0,0,0,1,1,0,1,1,1,1,0,0,0,1,1,1	@15
.byte	1,0,1,0,1,0,1,1,0,1,0,0,1,0,1,1,1,1,1,1,1,1,0,1,1,1,1,0,1,0,1,1,1	@16
.byte	1,0,0,0,1,0,1,1,0,1,0,0,1,0,0,0,1,1,1,1,1,1,0,1,1,1,1,0,0,0,1,1,1	@17
.byte	1,0,1,1,1,0,1,1,0,0,1,0,1,1,1,0,1,1,1,1,1,1,1,0,0,1,0,0,0,1,1,1,1	@18
.byte	1,1,1,0,0,0,1,0,0,0,1,0,0,0,0,0,0,1,1,1,1,0,0,0,0,1,0,0,0,1,1,1,1	@19
.byte	1,1,1,0,1,1,1,1,1,0,1,1,1,1,1,1,1,0,0,1,1,0,1,1,0,0,0,0,0,1,1,1,1	@20
.byte	1,1,0,0,0,0,1,1,0,0,1,1,1,1,1,0,0,0,0,0,0,0,1,1,1,1,1,1,1,1,1,1,1	@21
.byte	1,1,0,0,0,0,1,0,0,0,1,1,1,0,0,0,0,0,0,0,1,1,1,1,1,1,1,1,1,1,1,1,1	@22
.byte	1,1,0,0,0,0,1,1,0,1,1,1,1,1,1,1,1,0,0,1,0,0,0,1,1,1,1,1,1,1,1,1,1	@23
.byte	1,1,0,0,0,0,1,1,0,1,0,0,0,0,0,0,1,0,1,1,1,0,1,0,1,1,0,1,1,1,1,1,1	@24
.byte	1,1,0,0,0,0,1,1,0,1,0,0,0,0,0,0,1,0,0,1,1,0,0,0,1,1,0,1,1,1,1,1,1	@25
.byte	1,1,1,0,0,0,0,1,0,1,0,1,1,1,1,0,1,1,0,0,1,1,1,0,1,1,1,1,0,0,0,1,1	@26
.byte	1,1,1,1,0,1,0,1,0,1,0,1,0,0,1,0,0,1,0,0,1,0,0,0,0,0,0,0,0,0,0,1,1	@27
.byte	1,1,1,1,0,1,0,1,0,1,0,1,1,1,1,0,0,0,0,0,1,0,1,0,1,1,1,0,0,0,0,1,1	@28
.byte	1,0,0,0,0,1,0,0,0,1,0,0,0,1,1,1,0,0,0,0,1,0,0,0,1,0,0,0,1,1,1,1,1	@29
.byte	1,0,0,0,0,1,1,1,1,1,0,0,0,0,1,1,1,1,1,1,1,1,1,1,1,0,1,0,1,0,0,1,1	@30
.byte	1,0,0,0,0,1,1,1,1,0,0,1,0,0,0,0,0,0,0,0,0,0,0,0,0,0,1,0,0,0,0,0,1	@31
.byte	1,1,1,1,1,1,1,1,1,0,0,1,0,0,0,1,1,1,1,0,1,0,0,1,0,0,1,1,1,1,1,0,1	@32
.byte	1,1,1,1,1,1,1,1,1,1,1,1,1,1,1,1,1,1,1,1,1,1,1,1,1,1,1,1,1,1,1,1,1	@33
@a	0,1,2,3,4,5,6,7,8,9,0,1,2,3,4,5,6,7,8,9,0,1,2,3,4,5,6,7,8,9,0,1,2


@a	0,1,2,3,4,5,6,7,8,9,0,1,2,3,4,5,6,7,8,9,0,1,2,3,4
.byte	1,1,1,1,1,1,1,1,1,1,1,1,1,1,1,1,1,1,1,1,1,1,1,1,1	@0
.byte	1,0,0,0,1,0,1,1,1,1,1,1,1,1,0,0,0,1,1,1,1,0,0,1,1	@1
.byte	1,0,0,0,1,0,1,0,0,0,0,0,0,0,0,0,0,1,0,0,0,0,0,1,1	@2
.byte	1,0,0,0,1,0,0,0,1,1,0,1,1,1,0,0,0,1,0,0,1,0,0,1,1	@3
.byte	1,1,0,1,1,1,1,1,1,0,0,1,1,1,1,1,1,1,0,0,1,1,0,1,1	@4
.byte	1,1,0,1,1,1,0,0,0,0,0,0,0,0,1,1,1,1,1,1,1,1,0,1,1	@5
.byte	1,1,0,1,0,0,0,1,1,1,1,0,1,0,0,0,0,1,0,0,0,1,0,1,1	@6
.byte	1,1,0,1,0,1,0,1,1,1,1,1,1,1,1,1,0,1,0,1,0,1,0,1,1	@7
.byte	1,1,0,0,0,1,0,1,1,0,0,0,0,0,0,0,0,0,0,1,0,1,0,1,1	@8
.byte	1,1,0,1,0,0,0,0,0,0,0,0,0,1,1,1,0,1,0,1,1,1,0,1,1	@9
.byte	1,1,0,1,0,1,0,1,0,0,0,0,0,1,0,0,0,1,0,0,0,0,0,1,1	@10
.byte	1,1,0,1,0,1,0,1,1,0,0,0,1,1,1,0,1,1,0,1,1,0,0,1,1	@11
.byte	1,0,0,1,0,1,0,1,1,1,1,1,1,0,1,0,1,0,0,0,1,0,1,1,1	@12
.byte	1,0,1,1,1,1,0,0,1,1,1,1,1,0,1,0,1,0,1,0,1,0,0,1,1	@13
.byte	1,0,1,0,0,0,0,0,1,1,1,1,1,0,0,0,1,0,1,0,1,0,0,0,1	@14
.byte	1,1,1,0,1,1,1,1,1,0,0,0,1,1,1,0,1,0,1,0,1,0,0,1,1	@15
.byte	1,0,0,0,0,0,0,0,1,0,0,0,0,0,0,0,0,0,1,0,1,1,0,1,1	@16
.byte	1,0,1,1,0,1,1,0,1,0,0,0,1,1,1,0,1,0,0,0,1,0,0,0,1	@17
.byte	1,0,0,1,0,0,0,0,1,0,0,0,1,1,0,0,1,1,0,1,1,0,1,0,1	@18
.byte	1,1,1,1,1,1,0,1,1,1,0,1,1,1,0,1,1,0,0,0,1,0,1,0,1	@19
.byte	1,1,1,0,0,1,0,0,0,0,0,1,0,1,0,0,1,0,0,0,1,1,1,0,1	@20
.byte	1,1,1,0,0,0,0,0,1,1,0,0,0,0,0,0,0,0,0,0,0,0,0,0,1	@21
.byte	1,1,1,1,1,1,1,1,1,1,0,1,1,1,1,1,1,1,1,1,1,1,1,1,1	@22
.byte	1,1,1,1,1,1,1,1,1,1,1,1,1,1,1,1,1,1,1,1,1,1,1,1,1	@23
.byte	1,	@24
.byte	1,	@25
.byte	1,	@26
.byte	1,	@27
.byte	1,	@28
.byte	1,	@29
.byte	1,	@30
.byte	1,	@31
.byte	1,	@32
@a	0,1,2,3,4,5,6,7,8,9,0,1,2,3,4,5,6,7,8,9,0,1,2,3,4,5,6,7,8,9,0,1,2





